names,Hornet 4 Drive,Duster 360,Cadillac Fleetwood,Lincoln Continental,Ferrari Dino,Maserati Bora
Mazda RX4,0.41267123287671237,0,0,0,0.36917808219178083,0
Mazda RX4 Wag,0,0.021321111886022554,0,0,1.050513101524359,0
Datsun 710,0.1854452054794522,0,0,0,0.41486301369863055,0
Hornet 4 Drive,1,0,0,0,0,0
Hornet Sportabout,0.5007385288929506,0,0.435053143382049,0,0.17561638530545948,0
Valiant,0.7585390191716578,0,0,0.04056078337937349,0.0733722255117277,0
Duster 360,0,1,0,0,0,0
Merc 240D,0.5686046511627907,0,0,0,0,0
Merc 230,0,0,0,0,0.9710344827586217,0
Merc 280,0.3936643835616441,0,0,0,0.4554109589041099,0
Merc 280C,0.393664383561644,0,0,0,0.45541095890411004,0
Merc 450SE,0,0.6087994420643622,0,0,0.39056690246089476,0
Merc 450SL,0,0.5827956560725316,0,0,0.45512802630268,0
Merc 450SLC,0,0.6434711567201359,0,0,0.3044854040051806,0
Cadillac Fleetwood,0,0,1,0,0,0
Lincoln Continental,0,0,0,1,0,0
Chrysler Imperial,0,0,0.8229409156050987,0,0.2863044824550289,0.03341441155619316
Fiat 128,0.14392123287671246,0,0,0,0.28667808219178115,0
Honda Civic,0,0,0,0,0.5220689655172428,0
Toyota Corolla,0.10333904109589045,0,0,0,0.3064726027397265,0
Toyota Corona,0.23809931506849338,0,0,0,0.4046232876712334,0
Dodge Challenger,0.4209030242492506,0,0.4086927979559693,0,0.11382082143776415,0
AMC Javelin,0.3655027309629566,0,0.3929516833263672,0,0.16708345435525418,0
Camaro Z28,0,0.6679781266078418,0,0.13656525007316145,0,0.1551756125831316
Pontiac Firebird,0.6367287951884041,0,0.49234078828366146,0,0.02302840532071421,0
Fiat X1-9,0.14571917808219226,0,0,0,0.2855479452054791,0
Porsche 914-2,0.2690924657534243,0,0,0,0.3508561643835623,0
Lotus Europa,0.008818493150685464,0,0,0,0.6401712328767124,0
Ford Pantera L,0.2212977982712559,0,0.2730011035230683,0,0,0.5483343760236805
Ferrari Dino,0,0,0,0,1,0
Maserati Bora,0,0,0,0,0,1
Volvo 142E,0.1839041095890415,0,0,0,0.5072602739726026,0
